Example 3 - single column accelerogram, one sample per line
Units: cm/s^2 (gal).  A constant instrument offset of about 2 gal is present.
Time Step: 0.02 s

 2.100000
 2.099978
 2.099768
 2.099039
 2.097514
 2.095848
 2.095567
 2.094726
 2.086740
 2.070820
 2.055999
 2.048809
 2.048583
 2.052775
 2.067905
 2.107087
 2.134254
 2.079631
 1.986391
 1.981781
 2.059561
 2.113558
 2.126180
 2.114761
 2.086416
 2.121357
 2.228183
 2.266439
 2.219091
 2.212495
 2.207561
 2.097723
 2.045297
 2.215414
 2.381011
 2.312864
 2.188123
 2.259080
 2.478859
 2.521681
 2.184656
 1.703637
 1.275277
 0.785704
 0.403185
 0.530926
 1.020451
 1.305732
 1.296645
 1.426079
 1.779160
 1.792481
 1.219206
 0.718627
 0.764554
 1.095860
 1.523965
 1.902351
 2.021620
 2.129096
 2.363936
 2.356146
 2.230610
 2.652225
 3.504103
 3.835179
 3.396011
 3.088719
 3.483047
 3.858567
 3.354138
 2.293567
 1.299818
 0.289946
-0.391273
-0.018469
 0.621901
 0.180785
-1.000245
-1.952202
-2.375182
-2.184426
-1.636648
-1.228431
-1.368159
-1.985176
-1.800120
 0.071188
 2.612773
 4.816644
 6.306008
 6.586303
 6.442447
 6.973584
 7.154071
 6.388102
 6.380722
 7.576118
 8.136384
 7.433629
 6.526151
 5.850031
 4.991961
 3.687053
 2.731662
 3.102580
 3.588835
 2.445488
 0.978735
 1.925491
 5.062422
 7.188921
 7.048418
 6.752749
 6.732825
 4.891029
 1.277503
-1.359666
-0.977103
 1.607465
 4.031129
 4.731419
 3.197505
 1.028992
 1.238204
 3.554241
 5.638702
 7.142986
 7.270368
 5.227237
 2.912844
 0.538966
-2.488154
-2.251536
 2.468758
 6.524512
 8.026686
 8.633146
 7.846882
 5.499494
 3.701281
 4.280999
 5.845614
 5.102750
 1.718088
-1.307030
-1.145286
 1.652992
 3.231887
 1.765496
-0.103121
-0.651533
-0.699410
 1.414546
 6.253290
 9.377251
 11.506003
 17.097965
 21.050523
 17.296175
 11.390903
 11.369420
 15.782421
 15.084439
 5.216935
-5.043295
-8.254436
-8.235423
-8.571115
-5.464418
 3.376940
 11.890640
 12.041956
 4.506790
-2.421699
-3.873672
-2.279554
-1.183596
-0.093359
 2.105717
 2.809585
 1.209251
 1.154714
 3.883123
 6.440784
 7.200335
 7.288575
 8.645968
 13.901781
 23.574328
 31.003624
 28.667454
 19.010843
 9.262937
 1.661247
-1.618987
 3.696686
 13.489340
 17.067957
 9.553683
-4.331718
-13.067911
-12.535851
-13.373439
-21.507361
-32.254424
-42.872180
-49.953906
-49.947420
-45.699345
-39.142711
-29.747586
-21.236679
-17.896594
-20.885073
-25.287354
-18.036135
 3.097790
 17.183143
 8.546670
-8.567586
-12.842721
-5.522579
 1.282623
 3.586530
 1.113142
-3.220941
-2.895634
 4.170834
 15.425064
 23.318363
 21.296643
 15.493685
 10.803049
 1.286123
-13.206286
-24.920411
-27.337666
-18.743194
-7.917729
-5.446581
-10.177242
-18.350483
-28.294161
-30.212885
-14.452799
 8.367589
 17.035720
 12.489301
 14.147057
 24.886323
 28.048220
 12.153374
-15.082251
-34.121018
-35.871087
-28.342611
-20.757101
-15.409979
-12.310289
-10.832985
-8.327513
-5.842433
-9.411589
-15.496222
-12.403247
-0.616840
 8.173555
 7.242395
-1.571898
-13.061686
-16.621032
-1.838815
 19.394546
 23.986891
 12.492752
-0.920185
-11.495428
-13.977770
-3.836703
 7.651216
 9.421410
 5.694326
 0.297490
-5.736904
-3.282442
 10.201472
 20.476398
 21.823922
 24.988345
 28.074254
 15.284760
-11.208136
-29.896800
-29.180362
-16.793265
-5.486398
-3.255736
-6.931227
 0.331950
 26.235869
 53.442234
 63.844324
 58.261698
 48.058272
 45.714277
 57.342219
 71.050385
 68.018941
 50.014914
 31.422392
 16.428970
 5.400753
 2.689126
 9.619141
 20.919552
 28.377869
 28.852834
 25.604441
 17.320398
-0.041333
-17.080169
-20.463220
-14.622451
-10.991344
-10.367387
-7.715518
-0.085425
 10.781391
 16.922361
 9.539811
-6.126582
-10.672082
 2.639597
 20.974127
 37.041243
 51.170319
 56.944435
 50.877398
 41.285122
 38.277482
 40.640583
 35.976512
 23.269316
 17.836238
 23.891009
 28.163218
 22.634538
 17.019101
 21.773393
 25.890127
 14.096800
-3.382056
-10.039904
-13.182799
-23.435020
-31.025670
-27.209129
-20.840102
-20.374759
-20.429199
-13.989544
-6.685653
-5.741256
-7.601668
-10.472015
-18.085732
-26.883467
-26.107236
-12.984688
-1.487617
-1.354384
-2.156761
 3.129489
 7.017050
 3.956339
-3.967259
-9.426121
-10.464096
-15.024174
-21.575826
-23.509374
-26.899423
-34.509718
-39.017208
-37.842898
-33.204712
-28.805307
-28.220743
-26.602900
-17.783937
-8.158548
-5.361992
-3.374548
 6.774805
 19.689605
 22.913919
 18.390559
 18.188540
 23.897041
 28.995001
 31.137679
 28.759281
 19.543556
 11.685179
 15.166854
 18.405952
 7.620777
-4.939465
-5.710905
-0.966801
-0.589316
-7.763668
-18.639165
-25.163086
-22.999592
-13.266037
-5.286296
-11.983743
-25.542926
-24.849916
-12.723834
-6.730578
-7.698709
-5.319846
-0.227115
-1.024953
-2.976908
 3.215816
 11.096707
 14.472674
 21.637932
 37.116744
 47.770108
 39.073383
 19.741239
 10.627859
 12.063855
 12.803160
 15.446780
 23.354216
 32.106182
 43.902076
 57.621754
 59.067159
 46.782689
 37.787963
 35.887770
 27.005383
 6.136440
-14.546819
-22.901068
-19.414577
-12.693279
-9.254703
-8.687190
-9.574865
-12.319124
-13.150642
-9.546438
-3.617137
 5.139898
 13.679515
 12.649534
 3.256075
 0.612981
 11.699276
 24.222606
 27.129068
 27.343822
 30.889243
 24.894288
 0.552144
-22.771115
-23.500634
-11.569837
-8.339170
-13.714489
-14.786636
-5.855921
 5.214973
 2.672236
-12.616862
-22.639888
-26.972171
-37.092665
-46.820339
-46.211344
-39.368139
-32.044762
-24.196859
-20.487822
-31.788600
-55.098304
-65.457094
-46.233829
-13.454605
 7.377809
 11.575265
 12.699629
 24.711914
 48.109106
 66.376940
 63.529092
 43.029141
 20.729977
 10.961797
 17.597828
 32.318382
 48.005976
 62.267946
 69.373147
 64.930220
 52.847237
 41.328994
 34.841564
 31.082608
 26.876484
 21.235816
 9.931718
-8.954145
-26.447203
-32.480191
-26.050443
-16.151025
-15.503284
-23.095507
-25.257829
-20.369891
-17.977225
-17.703630
-14.706948
-15.493827
-28.490208
-45.696088
-48.066301
-31.782205
-15.835737
-15.989609
-25.240757
-23.744818
-0.415995
 30.255567
 39.871394
 24.462163
 9.695407
 11.504454
 19.043584
 17.865528
 8.055269
-1.610849
-4.746390
-1.579194
-1.416808
-13.523400
-29.320754
-32.369637
-22.549170
-11.673210
-6.266731
-1.182141
 11.231220
 21.942222
 14.714580
-3.575397
-11.427569
-4.009400
 7.332664
 14.594334
 17.272362
 15.548813
 7.555343
-5.092418
-10.841164
-4.007609
-1.254500
-13.455121
-23.666921
-18.961755
-9.521375
-4.043412
 1.892772
 11.834204
 22.478877
 28.851251
 30.023685
 29.290023
 27.355789
 21.594759
 11.875264
 2.782315
-2.425479
-7.162133
-11.536788
-7.886665
 5.448120
 21.897296
 35.078608
 36.438821
 20.804922
-0.100085
-10.281971
-14.052158
-28.191009
-51.521841
-63.954725
-56.513906
-41.100384
-31.623841
-30.176479
-28.896202
-22.688120
-15.787714
-10.835969
-7.118598
-5.760135
-2.537407
 7.666650
 18.496406
 22.248796
 23.474200
 26.026511
 22.931672
 13.963843
 9.515358
 12.538395
 18.015875
 23.450573
 27.501072
 26.416137
 18.659294
 10.835455
 11.857804
 19.185556
 18.972045
 6.216207
-1.271802
 11.073672
 23.854775
 13.113204
-7.568098
-12.602513
-7.898747
-11.443678
-18.807053
-17.660878
-7.873342
 5.896875
 16.795580
 14.340254
 0.116312
-13.706048
-26.423426
-37.180926
-33.616477
-19.257226
-13.755804
-20.165302
-21.956961
-9.215755
 7.779917
 14.585447
 12.659648
 12.684647
 13.188878
 4.346848
-9.382867
-14.214595
-11.180042
-14.172899
-24.416390
-28.513179
-24.161252
-21.041664
-21.557067
-24.333633
-29.130805
-25.912137
-5.168308
 18.986326
 24.151569
 13.478117
 7.069751
 10.691984
 17.249230
 23.109461
 28.592397
 31.237496
 25.307107
 14.672224
 12.642852
 17.213105
 12.963171
-0.316742
-10.761013
-14.175736
-10.614109
 0.519950
 14.206140
 21.475887
 19.739181
 15.798448
 18.436209
 27.052119
 27.437267
 9.959207
-14.078379
-27.340755
-25.528327
-15.939696
-5.213885
 8.581033
 28.064377
 45.104006
 48.228192
 33.835677
 6.915878
-17.070754
-24.960266
-23.013880
-19.727019
-13.453933
-7.918625
-5.907038
-0.689158
 6.486801
 11.095762
 18.384005
 27.825086
 29.798727
 21.863662
 11.263240
 6.888497
 10.888574
 14.749716
 7.130304
-11.382563
-24.527189
-23.036890
-18.754632
-19.006680
-14.169370
 2.508519
 21.593321
 22.375659
 2.070757
-14.857766
-18.557884
-23.967185
-33.010436
-31.070016
-14.703824
 3.599254
 15.615812
 25.701232
 32.510326
 27.031166
 15.091111
 11.584381
 17.503020
 25.319351
 32.078598
 34.524060
 30.808438
 27.906383
 28.985749
 28.194838
 22.679014
 13.076611
 2.433340
-0.608995
 8.227787
 19.385600
 23.229755
 20.619233
 14.601921
 10.503785
 14.113232
 19.070014
 12.212028
-5.794321
-19.260159
-20.033105
-16.897669
-18.667224
-21.135106
-17.362115
-13.355128
-19.889144
-31.096382
-32.871523
-29.074990
-32.712966
-39.013998
-35.698368
-27.819516
-24.418750
-20.737198
-16.399238
-20.537562
-27.097958
-20.397433
-3.909979
 6.011936
 6.642362
 7.985821
 12.455241
 14.988543
 16.612552
 19.757426
 23.127282
 29.464373
 38.870916
 41.520647
 34.024490
 24.366224
 17.038335
 10.016168
 1.522188
-1.880933
 12.129476
 39.683284
 59.350149
 63.417047
 67.134047
 80.274275
 90.390000
 81.413095
 54.587556
 26.602190
 12.914830
 11.362385
 7.549716
-0.502360
-1.759390
 6.395608
 14.903685
 13.819147
 4.536650
-1.775077
-3.020636
-5.482893
-10.420429
-15.325511
-16.136525
-9.707721
-2.038263
-2.866035
-9.466383
-11.051280
-7.724075
-9.311756
-17.567891
-23.530483
-21.157376
-13.199592
-6.477022
-3.495000
-0.433949
 4.133954
 9.330908
 18.799647
 31.040111
 30.177361
 11.319773
-1.449080
 6.327758
 15.357851
 10.485255
 2.557523
 2.604565
 5.907510
 4.225994
-1.574491
-5.692127
-12.211331
-30.592402
-53.563563
-62.880003
-55.292692
-43.054511
-35.284720
-27.420118
-8.893875
 17.489535
 34.719384
 33.168901
 20.314984
 11.376333
 14.527527
 21.217713
 18.278075
 6.993131
-1.313386
-0.987844
 4.240588
 10.094534
 17.921274
 27.171532
 29.630520
 17.898395
-1.952435
-13.426420
-13.504727
-14.857308
-19.950358
-22.980667
-24.386328
-23.866211
-20.349602
-17.698105
-18.518539
-18.927319
-16.235020
-20.265821
-37.697737
-50.598741
-42.075409
-25.224083
-20.861498
-26.825953
-23.934953
-9.210022
-4.830434
-20.299619
-36.004621
-33.898786
-17.512814
-3.872248
-1.758948
-0.008834
 9.780008
 17.530113
 18.997336
 23.708174
 29.872928
 26.056285
 14.148107
 5.413745
 6.785194
 15.819582
 17.236567
 5.192208
-0.807594
 8.594885
 19.229585
 25.021749
 27.362381
 20.134330
 6.959536
 4.815542
 14.805897
 13.968708
-8.050469
-27.616729
-26.554783
-20.567942
-24.366288
-27.693608
-24.064485
-25.390303
-38.976820
-57.462140
-69.251146
-68.052758
-56.024537
-38.955748
-19.211884
 5.230881
 30.506426
 42.900608
 36.798845
 25.592683
 23.074123
 22.056851
 8.837087
-7.606768
-9.153709
-0.043506
 4.084300
 0.738324
-4.320211
-6.175784
-0.283105
 10.660196
 17.953659
 21.794096
 26.499055
 25.097158
 10.795032
-5.357990
-11.626980
-17.370085
-29.498904
-31.861515
-17.622675
-5.621915
-5.103113
-2.089018
 11.258868
 20.926954
 13.995748
 3.848852
 8.416232
 17.868719
 18.004632
 16.737389
 22.137277
 29.507386
 38.217091
 47.966692
 44.533786
 19.708616
-9.310178
-19.519811
-10.539556
-3.583811
-8.669735
-11.832950
-3.364062
 9.094745
 17.120497
 22.773283
 31.596028
 40.108474
 41.834931
 39.595888
 36.030625
 25.212732
 6.663497
-8.915227
-17.426798
-28.105857
-45.565451
-59.539662
-60.276911
-51.295461
-39.443876
-30.697840
-33.576990
-44.426006
-44.746191
-29.607713
-17.264826
-21.868927
-31.372164
-22.238147
 5.393005
 26.625285
 29.567796
 30.137654
 41.367610
 48.536736
 39.019101
 32.915485
 45.280519
 52.808710
 35.815121
 13.979447
 12.716813
 24.841505
 24.695539
 8.479216
-1.145412
 6.990761
 20.105809
 24.054639
 15.180057
 3.755337
 3.495974
 6.945032
-2.661036
-18.677235
-20.999035
-6.593418
 9.004848
 13.695843
 12.285194
 16.277203
 27.579124
 38.032799
 41.307084
 36.851991
 26.711919
 14.158806
-0.239972
-12.406973
-10.283685
 4.164481
 12.557171
 12.535352
 19.169479
 35.830792
 50.817745
 57.138591
 60.151668
 64.739887
 65.211985
 54.416962
 35.481406
 19.885819
 14.946549
 16.500591
 18.015666
 18.621261
 17.701994
 13.537082
 7.376476
 1.291616
-2.554338
-0.505462
 7.310824
 13.383585
 13.756655
 14.569810
 15.525352
 7.400125
-3.725377
-1.358430
 8.445154
 5.547038
-7.092040
-10.946071
-4.544904
-1.009493
-7.361359
-18.971118
-24.706659
-17.759146
-3.923989
 6.901181
 13.170292
 16.752767
 11.933699
-5.042463
-21.247228
-22.046635
-10.241514
 1.681541
 6.306062
 8.498222
 15.310248
 20.817007
 19.789990
 20.075913
 26.054841
 32.545138
 34.983659
 31.526401
 23.600043
 17.192127
 14.177722
 7.534507
-4.578633
-12.172677
-7.527254
 5.593820
 16.581942
 18.870361
 15.775536
 13.573141
 13.270507
 10.912400
 2.210607
-11.279155
-19.745444
-16.496651
-8.372127
-7.094700
-13.795858
-16.776140
-9.175925
-0.025056
 2.706775
 3.525350
 5.925595
 5.494350
 1.570096
 1.848369
 8.922512
 12.721376
 4.889532
-9.186069
-18.910408
-17.839138
-5.949884
 8.122836
 14.622468
 13.161419
 9.364854
 8.736351
 15.100890
 25.203663
 29.410739
 24.113182
 14.365623
 5.776368
 2.221791
 5.170614
 9.563377
 8.156063
 4.556313
 9.386304
 20.046329
 23.073175
 19.441983
 21.448763
 24.495614
 15.448169
 0.768481
-6.348750
-9.884064
-15.791752
-17.219744
-14.315372
-16.341566
-18.129432
-9.793720
 2.398490
 9.055590
 9.366622
 5.287306
 0.921726
-0.456471
-2.669471
-9.904252
-17.252819
-17.959834
-13.807232
-8.630929
-2.459498
 2.437626
 0.669954
-7.882427
-14.271496
-11.517487
-5.526873
-5.567681
-10.445295
-14.181729
-17.630573
-22.961368
-24.930465
-20.762058
-17.882230
-21.142180
-22.823384
-13.952267
-1.192115
 1.119345
-5.423286
-6.654817
 2.066260
 13.312696
 19.864998
 21.774035
 23.529197
 23.533257
 15.403025
 3.706335
-0.185960
 2.491076
-0.979110
-14.715901
-23.310380
-12.912914
 5.035285
 12.754075
 11.447589
 9.761443
 9.151365
 7.497501
 1.817806
-7.661323
-13.073754
-8.661006
 0.748328
 6.969301
 6.765106
 2.906560
 1.114173
 4.462941
 10.112963
 12.085769
 8.707769
 5.579307
 6.622294
 9.676681
 14.639967
 22.870571
 27.830216
 21.016111
 6.460932
-4.489510
-7.260048
-4.753449
-3.231184
-6.438633
-11.782745
-16.970049
-21.434475
-20.295046
-11.716468
-4.622280
-4.457488
-5.654416
-5.728316
-5.665982
-1.633032
 5.823110
 9.196376
 5.773451
 0.501874
 1.279345
 10.092551
 17.285147
 14.828333
 9.810560
 11.862077
 17.161709
 17.888410
 14.733563
 11.546148
 8.478283
 3.181048
-4.064291
-8.505575
-6.890249
-1.378595
 3.085193
 2.737721
-1.962613
-7.842975
-11.618312
-11.534073
-11.211344
-14.170284
-14.232446
-4.531946
 9.231805
 15.175022
 9.910749
 0.838081
-4.405331
-5.146671
-5.593382
-10.214895
-18.199564
-23.258426
-22.478336
-19.912902
-19.240962
-19.556079
-19.036971
-16.870530
-13.928119
-14.029771
-18.911621
-24.322888
-25.757401
-22.720990
-17.309592
-12.829780
-9.892022
-4.769364
 4.244377
 12.988471
 16.072480
 14.004811
 12.701675
 15.300292
 19.127865
 19.194663
 12.658690
 2.301420
-5.430053
-7.692817
-9.094869
-14.823070
-22.752936
-27.630199
-27.698412
-23.660171
-18.092517
-16.761756
-23.644594
-32.750419
-30.971867
-15.393842
 0.446588
 7.049503
 10.239108
 15.266910
 20.225442
 23.991930
 25.332385
 21.179085
 12.704621
 6.157202
 4.041623
 3.385101
 3.432521
 3.980657
 1.682480
-3.461630
-7.501611
-8.558929
-5.846842
-0.221124
 3.912867
 5.314638
 6.004351
 5.227492
 2.886985
 0.869173
-0.090026
 0.187156
 0.214882
-1.653390
-3.102827
-2.133466
-1.048126
-1.695211
-3.351860
-5.665451
-7.065332
-4.458530
 0.299552
 3.331751
 6.480404
 9.606136
 6.230396
-2.078151
-4.179570
 1.111087
 4.308989
 3.081267
 2.969480
 6.576147
 10.835743
 12.379412
 11.960342
 10.912377
 9.719966
 10.502530
 12.202171
 10.349952
 6.804219
 6.419867
 6.763383
 4.062579
-0.977548
-7.880936
-15.636227
-19.526705
-16.900804
-13.038125
-13.769487
-16.537549
-15.148333
-8.976104
-3.390971
-0.703893
 2.996436
 7.812342
 9.232176
 8.640239
 9.302537
 7.722103
 1.340166
-4.422895
-4.503418
-1.327947
 1.489854
 3.922034
 5.379440
 4.431484
 2.194748
 0.650529
-0.843623
-3.812714
-6.336269
-4.978807
-1.517377
-2.249850
-9.130903
-17.274310
-21.008057
-18.925021
-14.850931
-13.067278
-12.657102
-9.583915
-3.259376
 2.091072
 4.124877
 4.874627
 4.299931
 0.701382
-3.204263
-3.781738
-2.874274
-4.520715
-8.140087
-8.462041
-2.152539
 6.118954
 8.597998
 5.343645
 1.787133
-0.371667
-1.398389
-1.018447
 0.900041
 5.916792
 12.872005
 16.080448
 12.930779
 7.017535
 3.506071
 3.599413
 5.143558
 7.756781
 10.971428
 10.201392
 2.706357
-5.944092
-8.545090
-5.398138
-1.501623
 0.228714
 1.002352
 3.888882
 8.390611
 10.795965
 8.875361
 2.662384
-3.901013
-5.610206
-2.556531
 2.328690
 6.653931
 7.900166
 5.358105
 0.996406
-1.595478
-0.048192
 2.847253
 4.204654
 7.573639
 14.364401
 17.070360
 10.576709
 1.149100
-2.279000
-0.672303
-0.014076
 2.128700
 8.943940
 12.892614
 9.164625
 4.863293
 4.749619
 4.743219
 2.209440
-0.482843
-0.971817
 0.646002
 2.594271
 3.955215
 4.913810
 5.423129
 5.498488
 3.115850
-3.267896
-7.247112
-3.317620
 1.357835
-0.255708
-4.049652
-5.202911
-4.029193
-1.846975
 0.623348
 3.231996
 4.397581
 2.396347
-0.023960
 0.204967
 1.717297
 2.500419
 1.627191
-0.514603
-1.522862
-1.056983
-0.451911
 1.300325
 4.031716
 4.575661
 2.739683
 2.242840
 4.263549
 6.873763
 10.186858
 14.915934
 18.129915
 17.773151
 17.931003
 21.156649
 21.418638
 15.244230
 9.951300
 10.536979
 11.700290
 9.348871
 7.263403
 8.765896
 10.186026
 6.683868
-0.180744
-4.872208
-3.866318
 2.380876
 9.727276
 13.398590
 12.815750
 10.876350
 8.927225
 6.340173
 2.487805
-1.758713
-2.868809
 0.228972
 3.268040
 3.932254
 4.464515
 6.582719
 9.531036
 10.411956
 6.492696
 0.490619
-1.227647
 2.218481
 5.277596
 4.228801
 1.405744
 0.394280
-0.075022
-2.694264
-5.707012
-6.528931
-5.354685
-2.652108
 1.756512
 7.274855
 11.591307
 11.433651
 6.862530
 2.165142
-0.595717
-2.013589
-0.683557
 2.916827
 4.279589
 2.640499
 2.896243
 7.233384
 10.861004
 8.933492
 4.497342
 4.195457
 8.661039
 13.503918
 16.882027
 18.921471
 16.825969
 8.887534
-0.376728
-5.349122
-6.097689
-6.293001
-7.024304
-6.707372
-5.286704
-4.702223
-5.257456
-5.222549
-5.000716
-5.355111
-3.239554
 2.026126
 5.057438
 3.075794
-0.281497
-1.016795
 1.743262
 6.641986
 10.451180
 10.336769
 7.227011
 3.332314
-0.366353
-2.022662
-0.107353
 4.096481
 8.243185
 10.801525
 10.884695
 8.502862
 4.457544
-0.347138
-3.267727
-0.610939
 6.317231
 11.214631
 11.242042
 9.393914
 8.726787
 9.456387
 10.369193
 10.317707
 9.382480
 8.819600
 9.178520
 9.794690
 10.547109
 12.010198
 12.787055
 9.624632
 2.771983
-2.110010
-1.031580
 2.296907
 2.529118
 0.422142
-0.493794
 1.394938
 5.406245
 8.637426
 8.841388
 6.663754
 4.038251
 2.793336
 3.467808
 4.294696
 4.062597
 5.354577
 10.179892
 15.025972
 15.956010
 14.567912
 13.838680
 13.509040
 13.413974
 14.271409
 14.885573
 14.084364
 11.679264
 7.485118
 3.171379
 0.269595
-2.621565
-4.960486
-4.392486
-2.947414
-2.458407
-0.653863
 1.563082
 0.597142
-1.479937
-0.228912
 2.256481
 2.347888
 2.748652
 5.190650
 6.091333
 4.684708
 3.413876
 2.760144
 3.146102
 5.778568
 8.888021
 8.666462
 5.509753
 3.780108
 4.515099
 5.004312
 4.342959
 3.485074
 2.267386
 0.703720
 0.184835
 0.531658
 0.748996
 2.264409
 5.459079
 7.572447
 7.762596
 8.519049
 11.906075
 17.193167
 21.319380
 22.352726
 21.076889
 18.380662
 14.750707
 11.208614
 7.726526
 3.747506
 1.239175
 2.007503
 2.844879
 0.101342
-3.972352
-5.766900
-6.075703
-6.995699
-7.955779
-7.285210
-5.716169
-5.494332
-6.548461
-7.315246
-6.823230
-4.759889
-2.793136
-2.929000
-3.540237
-1.396206
 2.809344
 5.443938
 5.790228
 5.798399
 5.373268
 3.174882
 0.441357
-0.002272
 2.545546
 5.940560
 7.213114
 5.338796
 2.933732
 3.228128
 5.392370
 6.220204
 4.810225
 2.619892
 1.757302
 3.741286
 7.357269
 9.086600
 7.617012
 6.442550
 8.329480
 9.696317
 6.903004
 2.480511
-0.685594
-2.926403
-4.016734
-3.523919
-2.999178
-3.518599
-3.882055
-2.812137
-0.388982
 2.604342
 4.908590
 5.452934
 4.880427
 4.505792
 3.858936
 1.957160
-0.146870
-0.148301
 1.904321
 2.292251
-0.753690
-3.709509
-3.940490
-3.282552
-3.248088
-2.372946
 0.063535
 2.007281
 2.369786
 2.732752
 3.420571
 2.836285
 1.166378
-0.303448
-1.246809
-0.783837
 1.873481
 4.863818
 5.398069
 3.380740
 0.486804
-2.409040
-3.904232
-2.325171
 0.527828
 1.032903
-0.769766
-2.335068
-3.861772
-6.874099
-9.437119
-8.709090
-6.061888
-5.057120
-6.078453
-5.854635
-3.353800
-2.850822
-6.304634
-8.659717
-6.499557
-3.077829
-1.401282
-0.411617
 1.281686
 3.301108
 4.476907
 4.165776
 3.093834
 2.332118
 2.334099
 3.500913
 5.379240
 6.054366
 4.523409
 1.736437
-0.419989
-0.281915
 1.109706
 1.271234
 1.020836
 3.096888
 6.953369
 9.172005
 8.156116
 5.668197
 4.142839
 4.492282
 6.117587
 7.395607
 6.938580
 5.222182
 4.127423
 4.600094
 5.004088
 3.275304
 0.831484
 1.126259
 4.180399
 6.130399
 4.393847
 0.374812
-2.509977
-2.414637
-1.227971
-1.410099
-2.535719
-4.084967
-6.706418
-8.705630
-7.470004
-4.348904
-2.535885
-2.070677
-0.921983
 1.393618
 3.316338
 3.378770
 2.059178
 1.036073
 1.058852
 1.470630
 1.488586
 1.474708
 2.585168
 4.304822
 4.105671
 1.734144
 0.882328
 3.143059
 4.333056
 2.099598
 0.673600
 2.667196
 5.153898
 6.010686
 5.969576
 5.766870
 5.443311
 5.141723
 5.408941
 5.743437
 4.718090
 2.999239
 2.567902
 3.313140
 3.795425
 3.354648
 2.079396
 0.844191
 0.857298
 2.023564
 2.875275
 2.794393
 2.925220
 3.293726
 2.206535
 0.482844
 0.760416
 2.166017
 2.246178
 1.999022
 2.741861
 2.602523
 0.636805
-0.693347
 0.034988
 0.656207
-0.174814
-0.288325
 1.818428
 4.171051
 4.785603
 4.117275
 3.187469
 2.733977
 2.810096
 2.084249
-0.037468
-1.850719
-1.295927
 0.894484
 1.418032
-0.317209
-1.322201
-0.717193
-0.396663
-0.926379
-1.107302
-0.569767
-0.060479
 0.580611
 2.266809
 4.688440
 6.089963
 5.208527
 3.186986
 2.099604
 1.847478
 1.216595
 0.384376
-0.122486
-0.642128
-1.597089
-3.094379
-4.737006
-5.179525
-3.624706
-1.613721
-0.790488
-0.657619
-0.763036
-1.650020
-2.582360
-1.980704
-0.477414
-0.167768
-0.698712
-0.318388
-0.066127
-2.004667
-5.132860
-7.044266
-7.324154
-6.516673
-4.508845
-2.059193
-0.960989
-1.501178
-1.880657
-1.105906
-0.809952
-2.037844
-2.769398
-1.666728
-0.484136
-0.618607
-1.524381
-2.615887
-3.240993
-2.364589
-0.099256
 2.606587
 5.500826
 8.155535
 9.602186
 10.012143
 10.206724
 9.885974
 8.215784
 5.535506
 3.597610
 3.404062
 3.586686
 2.564466
 1.252138
 1.969515
 4.758578
 6.813904
 6.831502
 6.655481
 7.175004
 6.774894
 4.662174
 2.261796
 0.851633
 0.007810
-0.729814
-0.742712
-0.225137
-0.339367
-0.755987
-0.245142
 0.948495
 1.821635
 2.217285
 2.240993
 1.652923
 0.905753
 0.974739
 1.762972
 2.515050
 2.940457
 3.037331
 2.905251
 2.543358
 1.759798
 0.765126
 0.310902
 0.549929
 0.469103
-0.255825
-0.435713
 0.320204
 1.033797
 1.149706
 0.878622
 0.649546
 0.300417
-0.583719
-0.846933
 0.326790
 0.909102
-0.354064
-1.274209
-0.214747
 1.267947
 1.531226
 1.164498
 1.268933
 1.759706
 2.238352
 2.987484
 4.062818
 4.939863
 5.558502
 6.157194
 6.394527
 5.584667
 3.651318
 1.869281
 1.668347
 2.782323
 4.056460
 4.919464
 5.284461
 5.093088
 4.232505
 2.623440
 0.568150
-0.608205
 0.279547
 2.043206
 2.570712
 2.107313
 2.239201
 3.139553
 4.040615
 4.116079
 2.870367
 1.311569
 0.738641
 0.691903
 0.579116
 1.348589
 3.387575
 5.503655
 6.868305
 7.637689
 8.345893
 9.116962
 8.830881
 6.435296
 3.022752
 1.030404
 1.414720
 2.953181
 4.269864
 5.089319
 5.746370
 6.332273
 6.394950
 5.758134
 4.809231
 3.797619
 3.312510
 3.854376
 4.013837
 2.399516
 0.494201
 0.236236
 0.857478
 0.678472
 0.100967
 0.205884
 0.199598
-0.736987
-1.443237
-1.033016
-0.266450
 0.431725
 1.401253
 2.307018
 2.553397
 2.379020
 2.509270
 3.183250
 3.889373
 4.171085
 3.882633
 2.997380
 2.207176
 2.380160
 3.124529
 3.265435
 2.439823
 1.480295
 1.267139
 1.670772
 1.950471
 1.906477
 2.233650
 3.241923
 3.976865
 3.432380
 1.761411
 0.245464
 0.161857
 1.415731
 2.739543
 3.022615
 2.352882
 1.901094
 2.354917
 2.874483
 2.235415
 0.825177
 0.570799
 2.015559
 3.477095
 4.025062
 4.176083
 4.197225
 4.362711
 5.085793
 5.894168
 6.013339
 5.516338
 5.000591
 4.911791
 5.350416
 5.820852
 5.536496
 4.675919
 4.257416
 4.376900
 4.389931
 4.579508
 5.513045
 6.512687
 6.576623
 5.951995
 5.464365
 5.254784
 5.173583
 4.981957
 4.129001
 2.893943
 2.363757
 2.674132
 3.063473
 3.159512
 2.998949
 2.604502
 2.220032
 1.975290
 1.425670
 0.410129
-0.780987
-1.918728
-2.410020
-1.850194
-0.681451
 0.795620
 2.341305
 2.927803
 1.897115
 0.374440
 0.057949
 0.666671
 0.521522
-0.155119
 0.193607
 1.100167
 1.036462
 0.199528
-0.428017
-0.765102
-0.875707
-0.464555
 0.156248
 0.321930
 0.223671
 0.247566
 0.288854
 0.710682
 1.908884
 3.216653
 3.889007
 4.007182
 3.742264
 3.175358
 2.935936
 3.280693
 3.141052
 1.695254
-0.366272
-1.770379
-1.793849
-0.710611
 0.585877
 1.631303
 2.591924
 3.383113
 3.534798
 2.921164
 1.896074
 1.060700
 0.809197
 0.941794
 1.381311
 2.213432
 2.765078
 2.616831
 2.760190
 3.860163
 4.985425
 5.403356
 5.758656
 6.404774
 6.404778
 5.275732
 3.905696
 3.150233
 2.837040
 2.454074
 2.298421
 2.714808
 2.915541
 2.214449
 0.972088
-0.097666
-0.452369
-0.026057
 0.815627
 1.630259
 2.236247
 2.968152
 3.946723
 4.425911
 3.926294
 3.078319
 2.624021
 2.492822
 2.393474
 2.509754
 2.703497
 2.242068
 1.396006
 1.594977
 3.108620
 4.277093
 3.732598
 2.259578
 1.465955
 1.463849
 1.430517
 1.193198
 0.948211
 0.670404
 0.337736
 0.338331
 1.123426
 2.209910
 2.656127
 2.341150
 1.627565
 0.876183
 0.442116
 0.133920
-0.254646
-0.015142
 1.278357
 2.632811
 3.055497
 2.841914
 2.571953
 2.125150
 1.302256
 0.558813
 0.572147
 1.235545
 1.574529
 1.007042
 0.302136
 0.333249
 0.435542
-0.113749
-0.409322
 0.087736
 0.496783
 0.621582
 1.044592
 1.534639
 1.695392
 1.804349
 1.727701
 1.001422
 0.400790
 1.038638
 2.380838
 3.050505
 2.690042
 1.959464
 1.384156
 0.973724
 0.655954
 0.600202
 0.881021
 1.271467
 1.879499
 2.735078
 2.855816
 1.700552
 0.698890
 1.144326
 1.881657
 1.397708
 0.286444
-0.279933
-0.460844
-0.946924
-1.502157
-1.427743
-0.867721
-0.205166
 0.661778
 1.259962
 0.871108
 0.150517
 0.226221
 0.826457
 0.936083
 0.660516
 1.042339
 2.033922
 2.270997
 1.356189
 0.655891
 1.208246
 2.324786
 2.709305
 2.038817
 1.210082
